MEME version 5

ALPHABET= ACGT

strands: +

Background letter frequencies
A 0.250000 C 0.250000 G 0.250000 T 0.250000

MOTIF HepG2.AGGF1.0 HepG2.AGGF1.0
letter-probability matrix: alength= 4 w= 11 nsites= 555 E= 0
 0.418018  0.120721  0.183784  0.277477 
 0.306306  0.032432  0.315315  0.345946 
 0.081081  0.028829  0.836036  0.054054 
 0.899099  0.027027  0.059459  0.014414 
 0.908108  0.000000  0.055856  0.036036 
 0.066667  0.012613  0.897297  0.023423 
 0.873874  0.032432  0.064865  0.028829 
 0.587387  0.018018  0.036036  0.358559 
 0.720721  0.043243  0.129730  0.106306 
 0.313514  0.138739  0.254054  0.293694 
 0.261261  0.124324  0.270270  0.344144 

MOTIF HepG2.AGGF1.1 HepG2.AGGF1.1
letter-probability matrix: alength= 4 w= 11 nsites= 649 E= 0
 0.266564  0.138675  0.311248  0.283513 
 0.388290  0.077042  0.311248  0.223421 
 0.408320  0.000000  0.536210  0.055470 
 0.069337  0.015408  0.881356  0.033898 
 0.847458  0.029276  0.104777  0.018490 
 0.833590  0.007704  0.109399  0.049307 
 0.063174  0.012327  0.912173  0.012327 
 0.847458  0.038521  0.083205  0.030817 
 0.827427  0.015408  0.077042  0.080123 
 0.258860  0.107858  0.403698  0.229584 
 0.263482  0.167951  0.354391  0.214176 

MOTIF HepG2.AGGF1.2 HepG2.AGGF1.2
letter-probability matrix: alength= 4 w= 11 nsites= 516 E= 0
 0.306202  0.127907  0.232558  0.333333 
 0.315891  0.110465  0.282946  0.290698 
 0.788760  0.029070  0.116279  0.065891 
 0.891473  0.027132  0.040698  0.040698 
 0.509690  0.000000  0.062016  0.428295 
 0.069767  0.025194  0.844961  0.060078 
 0.908915  0.040698  0.034884  0.015504 
 0.908915  0.000000  0.050388  0.040698 
 0.096899  0.027132  0.792636  0.083333 
 0.312016  0.178295  0.302326  0.207364 
 0.358527  0.149225  0.201550  0.290698 

MOTIF HepG2.AGGF1.3 HepG2.AGGF1.3
letter-probability matrix: alength= 4 w= 11 nsites= 1127 E= 0
 0.227152  0.110914  0.310559  0.351375 
 0.210293  0.151730  0.363798  0.274179 
 0.647737  0.013310  0.050577  0.288376 
 0.277728  0.004437  0.648625  0.069210 
 0.053239  0.028394  0.918367  0.000000 
 0.767524  0.031056  0.181012  0.020408 
 0.858917  0.000000  0.074534  0.066548 
 0.086069  0.016859  0.879326  0.017746 
 0.804791  0.055013  0.091393  0.048802 
 0.276841  0.153505  0.313221  0.256433 
 0.269743  0.140195  0.405501  0.184561 

MOTIF HepG2.AGGF1.4 HepG2.AGGF1.4
letter-probability matrix: alength= 4 w= 11 nsites= 214 E= 0
 0.327103  0.130841  0.224299  0.317757 
 0.289720  0.121495  0.439252  0.149533 
 0.873832  0.056075  0.070093  0.000000 
 0.934579  0.000000  0.037383  0.028037 
 0.079439  0.023364  0.883178  0.014019 
 0.948598  0.018692  0.014019  0.018692 
 0.920561  0.009346  0.037383  0.032710 
 0.144860  0.616822  0.079439  0.158879 
 0.032710  0.028037  0.032710  0.906542 
 0.196262  0.074766  0.196262  0.532710 
 0.186916  0.093458  0.355140  0.364486 

MOTIF HepG2.AUH.0 HepG2.AUH.0
letter-probability matrix: alength= 4 w= 11 nsites= 10 E= 0
 0.300000  0.300000  0.000000  0.400000 
 0.300000  0.000000  0.200000  0.500000 
 0.000000  0.000000  1.000000  0.000000 
 0.100000  0.800000  0.000000  0.100000 
 0.100000  0.200000  0.500000  0.200000 
 0.000000  0.000000  0.000000  1.000000 
 0.000000  0.100000  0.100000  0.800000 
 0.900000  0.100000  0.000000  0.000000 
 1.000000  0.000000  0.000000  0.000000 
 0.200000  0.200000  0.400000  0.200000 
 0.200000  0.100000  0.500000  0.200000 

MOTIF HepG2.AUH.1 HepG2.AUH.1
letter-probability matrix: alength= 4 w= 11 nsites= 40 E= 0
 0.250000  0.225000  0.325000  0.200000 
 0.250000  0.150000  0.225000  0.375000 
 0.050000  0.000000  0.950000  0.000000 
 0.025000  0.025000  0.850000  0.100000 
 0.025000  0.025000  0.000000  0.950000 
 0.000000  0.025000  0.000000  0.975000 
 0.000000  0.000000  0.000000  1.000000 
 0.000000  0.625000  0.175000  0.200000 
 0.075000  0.100000  0.725000  0.100000 
 0.175000  0.375000  0.250000  0.200000 
 0.275000  0.325000  0.150000  0.250000 

MOTIF HepG2.AUH.2 HepG2.AUH.2
letter-probability matrix: alength= 4 w= 11 nsites= 37 E= 0
 0.270270  0.081081  0.351351  0.297297 
 0.162162  0.000000  0.432432  0.405405 
 0.054054  0.000000  0.918919  0.027027 
 0.027027  0.054054  0.918919  0.000000 
 0.162162  0.783784  0.027027  0.027027 
 0.000000  0.648649  0.351351  0.000000 
 0.000000  0.945946  0.027027  0.027027 
 0.054054  0.108108  0.027027  0.810811 
 0.648649  0.054054  0.216216  0.081081 
 0.162162  0.189189  0.405405  0.243243 
 0.162162  0.189189  0.432432  0.216216 

MOTIF HepG2.AUH.3 HepG2.AUH.3
letter-probability matrix: alength= 4 w= 11 nsites= 29 E= 0
 0.103448  0.068966  0.241379  0.586207 
 0.241379  0.172414  0.241379  0.344828 
 0.000000  0.000000  0.000000  1.000000 
 0.034483  0.000000  0.896552  0.068966 
 0.103448  0.586207  0.206897  0.103448 
 0.068966  0.103448  0.724138  0.103448 
 0.068966  0.000000  0.034483  0.896552 
 0.896552  0.000000  0.068966  0.034483 
 0.000000  0.000000  1.000000  0.000000 
 0.275862  0.137931  0.586207  0.000000 
 0.310345  0.103448  0.482759  0.103448 

MOTIF HepG2.AUH.4 HepG2.AUH.4
letter-probability matrix: alength= 4 w= 11 nsites= 44 E= 0
 0.113636  0.136364  0.363636  0.386364 
 0.386364  0.204545  0.227273  0.181818 
 0.795455  0.022727  0.068182  0.113636 
 0.068182  0.000000  0.090909  0.840909 
 0.022727  0.045455  0.886364  0.045455 
 0.931818  0.022727  0.045455  0.000000 
 0.022727  0.068182  0.909091  0.000000 
 0.045455  0.000000  0.136364  0.818182 
 0.045455  0.000000  0.863636  0.090909 
 0.181818  0.204545  0.363636  0.250000 
 0.204545  0.181818  0.477273  0.136364 

MOTIF HepG2.AUH.5 HepG2.AUH.5
letter-probability matrix: alength= 4 w= 11 nsites= 33 E= 0
 0.121212  0.181818  0.333333  0.363636 
 0.121212  0.333333  0.272727  0.272727 
 0.000000  0.939394  0.000000  0.060606 
 0.030303  0.060606  0.060606  0.848485 
 0.060606  0.818182  0.060606  0.060606 
 0.030303  0.030303  0.696970  0.242424 
 0.000000  0.060606  0.909091  0.030303 
 0.030303  0.000000  0.060606  0.909091 
 0.000000  0.878788  0.000000  0.121212 
 0.212121  0.303030  0.363636  0.121212 
 0.060606  0.515152  0.212121  0.212121 

MOTIF HepG2.AUH.6 HepG2.AUH.6
letter-probability matrix: alength= 4 w= 11 nsites= 12 E= 0
 0.250000  0.250000  0.083333  0.416667 
 0.250000  0.000000  0.166667  0.583333 
 0.000000  0.000000  0.916667  0.083333 
 0.000000  0.000000  0.000000  1.000000 
 0.000000  0.000000  0.250000  0.750000 
 1.000000  0.000000  0.000000  0.000000 
 0.000000  0.000000  1.000000  0.000000 
 0.000000  0.500000  0.416667  0.083333 
 0.000000  0.000000  0.833333  0.166667 
 0.333333  0.333333  0.333333  0.000000 
 0.333333  0.166667  0.250000  0.250000 

MOTIF HepG2.AUH.7 HepG2.AUH.7
letter-probability matrix: alength= 4 w= 11 nsites= 20 E= 0
 0.300000  0.000000  0.150000  0.550000 
 0.050000  0.150000  0.250000  0.550000 
 0.050000  0.150000  0.100000  0.700000 
 0.700000  0.100000  0.000000  0.200000 
 0.000000  0.050000  0.050000  0.900000 
 0.000000  0.950000  0.050000  0.000000 
 0.100000  0.000000  0.850000  0.050000 
 0.050000  0.000000  0.950000  0.000000 
 0.000000  0.950000  0.050000  0.000000 
 0.300000  0.300000  0.100000  0.300000 
 0.150000  0.100000  0.500000  0.250000 

MOTIF HepG2.AUH.8 HepG2.AUH.8
letter-probability matrix: alength= 4 w= 11 nsites= 14 E= 0
 0.142857  0.214286  0.000000  0.642857 
 0.357143  0.214286  0.214286  0.214286 
 0.142857  0.571429  0.071429  0.214286 
 0.000000  0.214286  0.642857  0.142857 
 0.000000  0.000000  0.000000  1.000000 
 0.000000  0.000000  1.000000  0.000000 
 0.000000  0.000000  0.000000  1.000000 
 0.857143  0.000000  0.000000  0.142857 
 0.928571  0.000000  0.071429  0.000000 
 0.071429  0.214286  0.214286  0.500000 
 0.285714  0.214286  0.142857  0.357143 

MOTIF HepG2.BCCIP.0 HepG2.BCCIP.0
letter-probability matrix: alength= 4 w= 11 nsites= 1460 E= 0
 0.205479  0.152055  0.433562  0.208904 
 0.193836  0.123973  0.448630  0.233562 
 0.085616  0.201370  0.567808  0.145205 
 0.891096  0.010959  0.065068  0.032877 
 0.028082  0.000000  0.965068  0.006849 
 0.038356  0.013699  0.927397  0.020548 
 0.049315  0.159589  0.776027  0.015068 
 0.913699  0.011644  0.034932  0.039726 
 0.022603  0.016438  0.952055  0.008904 
 0.213014  0.163699  0.504795  0.118493 
 0.228767  0.186301  0.453425  0.131507 

MOTIF HepG2.BCCIP.1 HepG2.BCCIP.1
letter-probability matrix: alength= 4 w= 11 nsites= 626 E= 0
 0.386581  0.132588  0.324281  0.156550 
 0.214058  0.111821  0.450479  0.223642 
 0.102236  0.094249  0.699681  0.103834 
 0.083067  0.623003  0.198083  0.095847 
 0.936102  0.006390  0.035144  0.022364 
 0.009585  0.000000  0.985623  0.004792 
 0.009585  0.003195  0.987220  0.000000 
 0.031949  0.009585  0.950479  0.007987 
 0.974441  0.000000  0.015974  0.009585 
 0.078275  0.054313  0.830671  0.036741 
 0.242812  0.146965  0.490415  0.119808 

MOTIF HepG2.BCCIP.2 HepG2.BCCIP.2
letter-probability matrix: alength= 4 w= 11 nsites= 653 E= 0
 0.431853  0.096478  0.300153  0.171516 
 0.168453  0.071975  0.600306  0.159265 
 0.047473  0.009188  0.918836  0.024502 
 0.018377  0.022971  0.954058  0.004594 
 0.736600  0.009188  0.225115  0.029096 
 0.016845  0.035222  0.924962  0.022971 
 0.748851  0.030628  0.143951  0.076570 
 0.052067  0.015314  0.892802  0.039816 
 0.047473  0.030628  0.909648  0.012251 
 0.252680  0.174579  0.490046  0.082695 
 0.277182  0.163859  0.415008  0.143951 

MOTIF HepG2.BCCIP.3 HepG2.BCCIP.3
letter-probability matrix: alength= 4 w= 11 nsites= 793 E= 0
 0.165195  0.288777  0.298865  0.247163 
 0.609079  0.030265  0.219420  0.141236 
 0.030265  0.000000  0.955864  0.013871 
 0.035309  0.003783  0.955864  0.005044 
 0.037831  0.020177  0.938209  0.003783 
 0.899117  0.006305  0.081967  0.012610 
 0.003783  0.015132  0.970996  0.010088 
 0.556116  0.039092  0.302648  0.102144 
 0.054224  0.069357  0.839849  0.036570 
 0.247163  0.165195  0.489281  0.098361 
 0.247163  0.199243  0.448928  0.104666 

MOTIF HepG2.BCCIP.4 HepG2.BCCIP.4
letter-probability matrix: alength= 4 w= 11 nsites= 660 E= 0
 0.163636  0.174242  0.450000  0.212121 
 0.307576  0.051515  0.474242  0.166667 
 0.021212  0.030303  0.927273  0.021212 
 0.578788  0.016667  0.363636  0.040909 
 0.028788  0.039394  0.896970  0.034848 
 0.883333  0.019697  0.053030  0.043939 
 0.036364  0.018182  0.922727  0.022727 
 0.042424  0.007576  0.940909  0.009091 
 0.034848  0.031818  0.922727  0.010606 
 0.415152  0.162121  0.300000  0.122727 
 0.218182  0.168182  0.528788  0.084848 

MOTIF HepG2.BCCIP.5 HepG2.BCCIP.5
letter-probability matrix: alength= 4 w= 11 nsites= 308 E= 0
 0.142857  0.214286  0.357143  0.285714 
 0.438312  0.032468  0.314935  0.214286 
 0.016234  0.006494  0.931818  0.045455 
 0.019481  0.022727  0.941558  0.016234 
 0.051948  0.590909  0.344156  0.012987 
 0.870130  0.016234  0.090909  0.022727 
 0.000000  0.000000  1.000000  0.000000 
 0.009740  0.022727  0.967532  0.000000 
 0.071429  0.733766  0.172078  0.022727 
 0.350649  0.207792  0.259740  0.181818 
 0.136364  0.123377  0.607143  0.133117 

MOTIF HepG2.BCCIP.6 HepG2.BCCIP.6
letter-probability matrix: alength= 4 w= 11 nsites= 243 E= 0
 0.144033  0.057613  0.650206  0.148148 
 0.111111  0.032922  0.707819  0.148148 
 0.008230  0.016461  0.967078  0.008230 
 0.888889  0.016461  0.053498  0.041152 
 0.020576  0.000000  0.967078  0.012346 
 0.053498  0.020576  0.893004  0.032922 
 0.065844  0.094650  0.798354  0.041152 
 0.123457  0.744856  0.123457  0.008230 
 0.860082  0.057613  0.061728  0.020576 
 0.115226  0.131687  0.650206  0.102881 
 0.213992  0.156379  0.580247  0.049383 

MOTIF HepG2.BCCIP.7 HepG2.BCCIP.7
letter-probability matrix: alength= 4 w= 11 nsites= 253 E= 0
 0.280632  0.086957  0.458498  0.173913 
 0.154150  0.138340  0.581028  0.126482 
 0.719368  0.011858  0.225296  0.043478 
 0.003953  0.011858  0.984190  0.000000 
 0.873518  0.011858  0.071146  0.043478 
 0.019763  0.003953  0.956522  0.019763 
 0.031621  0.003953  0.964427  0.000000 
 0.043478  0.023715  0.905138  0.027668 
 0.213439  0.640316  0.098814  0.047431 
 0.237154  0.189723  0.442688  0.130435 
 0.185771  0.193676  0.450593  0.169960 

MOTIF HepG2.BCCIP.8 HepG2.BCCIP.8
letter-probability matrix: alength= 4 w= 11 nsites= 763 E= 0
 0.213630  0.157274  0.390564  0.238532 
 0.163827  0.294889  0.335518  0.205767 
 0.921363  0.002621  0.044561  0.031455 
 0.026212  0.003932  0.958060  0.011796 
 0.032765  0.032765  0.906946  0.027523 
 0.148100  0.370904  0.446920  0.034076 
 0.954128  0.003932  0.017038  0.024902 
 0.006553  0.000000  0.993447  0.000000 
 0.023591  0.019659  0.951507  0.005242 
 0.258191  0.158585  0.462647  0.120577 
 0.418087  0.195282  0.297510  0.089122 

MOTIF HepG2.BUD13.0 HepG2.BUD13.0
letter-probability matrix: alength= 4 w= 11 nsites= 1510 E= 0
 0.254305  0.264901  0.225828  0.254967 
 0.249007  0.274834  0.301325  0.174834 
 0.184768  0.648344  0.133775  0.033113 
 0.903974  0.017881  0.035762  0.042384 
 0.021854  0.009272  0.962252  0.006623 
 0.013245  0.011258  0.975497  0.000000 
 0.003974  0.011921  0.015894  0.968212 
 0.419205  0.028477  0.546358  0.005960 
 0.784768  0.085430  0.082781  0.047020 
 0.074834  0.096689  0.742384  0.086093 
 0.127815  0.250993  0.320530  0.300662 

MOTIF HepG2.BUD13.1 HepG2.BUD13.1
letter-probability matrix: alength= 4 w= 11 nsites= 466 E= 0
 0.274678  0.326180  0.227468  0.171674 
 0.476395  0.075107  0.231760  0.216738 
 0.015021  0.004292  0.946352  0.034335 
 0.008584  0.010730  0.961373  0.019313 
 0.023605  0.019313  0.006438  0.950644 
 0.864807  0.025751  0.066524  0.042918 
 0.246781  0.062232  0.133047  0.557940 
 0.021459  0.023605  0.918455  0.036481 
 0.045064  0.025751  0.064378  0.864807 
 0.152361  0.171674  0.487124  0.188841 
 0.175966  0.293991  0.278970  0.251073 

MOTIF HepG2.BUD13.2 HepG2.BUD13.2
letter-probability matrix: alength= 4 w= 11 nsites= 1612 E= 0
 0.254963  0.280397  0.298387  0.166253 
 0.318238  0.396402  0.230149  0.055211 
 0.882754  0.021092  0.055211  0.040943 
 0.033499  0.006824  0.944169  0.015509 
 0.004963  0.008065  0.983251  0.003722 
 0.014268  0.016749  0.019851  0.949132 
 0.640819  0.043424  0.297146  0.018610 
 0.733251  0.055211  0.084988  0.126551 
 0.026055  0.096154  0.854839  0.022953 
 0.143300  0.235732  0.299628  0.321340 
 0.165633  0.263027  0.411911  0.159429 

MOTIF HepG2.BUD13.3 HepG2.BUD13.3
letter-probability matrix: alength= 4 w= 11 nsites= 805 E= 0
 0.151553  0.233540  0.155280  0.459627 
 0.127950  0.190062  0.136646  0.545342 
 0.022360  0.036025  0.021118  0.920497 
 0.000000  0.045963  0.016149  0.937888 
 0.048447  0.095652  0.111801  0.744099 
 0.043478  0.817391  0.065839  0.073292 
 0.924224  0.014907  0.011180  0.049689 
 0.034783  0.000000  0.935404  0.029814 
 0.093168  0.039752  0.824845  0.042236 
 0.242236  0.213665  0.223602  0.320497 
 0.279503  0.253416  0.250932  0.216149 

MOTIF HepG2.BUD13.4 HepG2.BUD13.4
letter-probability matrix: alength= 4 w= 11 nsites= 747 E= 0
 0.390897  0.218206  0.228916  0.161981 
 0.149933  0.061580  0.618474  0.170013 
 0.005355  0.000000  0.989290  0.005355 
 0.013387  0.004016  0.010710  0.971888 
 0.061580  0.006693  0.923695  0.008032 
 0.935743  0.010710  0.034806  0.018742 
 0.000000  0.000000  0.991968  0.008032 
 0.028112  0.074967  0.068273  0.828648 
 0.467202  0.147256  0.317269  0.068273 
 0.144578  0.321285  0.290495  0.243641 
 0.119143  0.365462  0.361446  0.153949 

MOTIF HepG2.BUD13.5 HepG2.BUD13.5
letter-probability matrix: alength= 4 w= 11 nsites= 364 E= 0
 0.145604  0.244505  0.318681  0.291209 
 0.255495  0.208791  0.247253  0.288462 
 0.074176  0.005495  0.043956  0.876374 
 0.019231  0.054945  0.862637  0.063187 
 0.766484  0.090659  0.087912  0.054945 
 0.060440  0.000000  0.082418  0.857143 
 0.013736  0.008242  0.942308  0.035714 
 0.079670  0.030220  0.870879  0.019231 
 0.890110  0.035714  0.038462  0.035714 
 0.195055  0.255495  0.395604  0.153846 
 0.291209  0.217033  0.326923  0.164835 

MOTIF HepG2.BUD13.6 HepG2.BUD13.6
letter-probability matrix: alength= 4 w= 11 nsites= 258 E= 0
 0.282946  0.170543  0.240310  0.306202 
 0.162791  0.333333  0.290698  0.213178 
 0.697674  0.112403  0.085271  0.104651 
 0.038760  0.000000  0.027132  0.934109 
 0.007752  0.034884  0.906977  0.050388 
 0.050388  0.003876  0.930233  0.015504 
 0.852713  0.050388  0.073643  0.023256 
 0.054264  0.868217  0.065891  0.011628 
 0.050388  0.868217  0.027132  0.054264 
 0.267442  0.290698  0.224806  0.217054 
 0.131783  0.325581  0.337209  0.205426 

MOTIF HepG2.CDC40.0 HepG2.CDC40.0
letter-probability matrix: alength= 4 w= 11 nsites= 49 E= 0
 0.122449  0.102041  0.408163  0.367347 
 0.346939  0.000000  0.326531  0.326531 
 0.000000  0.000000  1.000000  0.000000 
 0.000000  0.000000  1.000000  0.000000 
 0.000000  0.020408  0.979592  0.000000 
 0.734694  0.183673  0.081633  0.000000 
 0.081633  0.081633  0.285714  0.551020 
 0.836735  0.020408  0.122449  0.020408 
 0.081633  0.918367  0.000000  0.000000 
 0.387755  0.306122  0.142857  0.163265 
 0.224490  0.265306  0.326531  0.183673 

MOTIF HepG2.CDC40.1 HepG2.CDC40.1
letter-probability matrix: alength= 4 w= 11 nsites= 35 E= 0
 0.142857  0.142857  0.057143  0.657143 
 0.200000  0.228571  0.114286  0.457143 
 0.000000  0.057143  0.028571  0.914286 
 0.914286  0.000000  0.057143  0.028571 
 1.000000  0.000000  0.000000  0.000000 
 0.057143  0.028571  0.000000  0.914286 
 0.142857  0.600000  0.114286  0.142857 
 0.171429  0.057143  0.714286  0.057143 
 0.000000  0.000000  0.942857  0.057143 
 0.285714  0.085714  0.371429  0.257143 
 0.314286  0.142857  0.228571  0.314286 

MOTIF HepG2.CDC40.2 HepG2.CDC40.2
letter-probability matrix: alength= 4 w= 11 nsites= 36 E= 0
 0.138889  0.111111  0.416667  0.333333 
 0.138889  0.333333  0.444444  0.083333 
 0.972222  0.000000  0.000000  0.027778 
 0.027778  0.000000  0.916667  0.055556 
 0.055556  0.083333  0.750000  0.111111 
 0.000000  0.000000  0.055556  0.944444 
 0.055556  0.027778  0.055556  0.861111 
 0.750000  0.055556  0.083333  0.111111 
 0.027778  0.833333  0.083333  0.055556 
 0.277778  0.166667  0.166667  0.388889 
 0.250000  0.222222  0.277778  0.250000 

MOTIF HepG2.CDC40.3 HepG2.CDC40.3
letter-probability matrix: alength= 4 w= 11 nsites= 41 E= 0
 0.243902  0.268293  0.097561  0.390244 
 0.317073  0.292683  0.121951  0.268293 
 0.024390  0.926829  0.024390  0.024390 
 0.024390  0.902439  0.000000  0.073171 
 0.048780  0.000000  0.000000  0.951220 
 0.024390  0.073171  0.170732  0.731707 
 0.707317  0.000000  0.097561  0.195122 
 0.024390  0.048780  0.853659  0.073171 
 0.024390  0.926829  0.024390  0.024390 
 0.170732  0.292683  0.146341  0.390244 
 0.219512  0.268293  0.292683  0.219512 

MOTIF HepG2.CSTF2.0 HepG2.CSTF2.0
letter-probability matrix: alength= 4 w= 11 nsites= 2323 E= 0
 0.190702  0.191132  0.205768  0.412398 
 0.183384  0.072751  0.149376  0.594490 
 0.034008  0.050796  0.809729  0.105467 
 0.026259  0.001291  0.011623  0.960827 
 0.020663  0.048214  0.838140  0.092983 
 0.020663  0.014206  0.018080  0.947051 
 0.039173  0.702540  0.089109  0.169178 
 0.031855  0.028412  0.005166  0.934567 
 0.017219  0.021524  0.075334  0.885923 
 0.139475  0.179509  0.173913  0.507103 
 0.225140  0.169178  0.169178  0.436505 

MOTIF HepG2.CSTF2.1 HepG2.CSTF2.1
letter-probability matrix: alength= 4 w= 11 nsites= 4749 E= 0
 0.188040  0.147821  0.222784  0.441356 
 0.158349  0.156454  0.140029  0.545167 
 0.118762  0.069067  0.112445  0.699726 
 0.008633  0.004633  0.033902  0.952832 
 0.033902  0.063803  0.742893  0.159402 
 0.024426  0.000000  0.010107  0.965466 
 0.030743  0.060855  0.797010  0.111392 
 0.018530  0.007791  0.012424  0.961255 
 0.027374  0.368077  0.528743  0.075805 
 0.180248  0.161718  0.141082  0.516951 
 0.170352  0.168457  0.284692  0.376500 

MOTIF HepG2.CSTF2.2 HepG2.CSTF2.2
letter-probability matrix: alength= 4 w= 11 nsites= 8184 E= 0
 0.178275  0.134164  0.130621  0.556940 
 0.134531  0.173143  0.296188  0.396139 
 0.036657  0.015762  0.028104  0.919477 
 0.026271  0.184995  0.658480  0.130254 
 0.030547  0.013074  0.009286  0.947092 
 0.024071  0.217009  0.657136  0.101784 
 0.029326  0.012341  0.009653  0.948680 
 0.033602  0.261975  0.566838  0.137586 
 0.103739  0.046310  0.041056  0.808895 
 0.129399  0.165934  0.315371  0.389296 
 0.156158  0.158847  0.168255  0.516740 

MOTIF HepG2.CSTF2.3 HepG2.CSTF2.3
letter-probability matrix: alength= 4 w= 11 nsites= 2069 E= 0
 0.213146  0.143064  0.129531  0.514258 
 0.144998  0.211696  0.272112  0.371194 
 0.015466  0.000000  0.008700  0.975834 
 0.009183  0.021750  0.891735  0.077332 
 0.015950  0.000000  0.000000  0.984050 
 0.035283  0.057032  0.756404  0.151281 
 0.021750  0.018366  0.039149  0.920735 
 0.018850  0.046883  0.084582  0.849686 
 0.040599  0.673272  0.073465  0.212663 
 0.225230  0.175930  0.087482  0.511358 
 0.147414  0.174480  0.202030  0.476075 

MOTIF HepG2.CSTF2T.0 HepG2.CSTF2T.0
letter-probability matrix: alength= 4 w= 11 nsites= 5360 E= 0
 0.142537  0.179664  0.493657  0.184142 
 0.242164  0.063993  0.547761  0.146082 
 0.013806  0.182090  0.798134  0.005970 
 0.551119  0.014739  0.373881  0.060261 
 0.027425  0.057463  0.900933  0.014179 
 0.822015  0.030037  0.083396  0.064552 
 0.026119  0.010448  0.935821  0.027612 
 0.028358  0.006530  0.953545  0.011567 
 0.030970  0.020336  0.937873  0.010821 
 0.345896  0.166418  0.375933  0.111754 
 0.212127  0.173134  0.512873  0.101866 

MOTIF HepG2.CSTF2T.1 HepG2.CSTF2T.1
letter-probability matrix: alength= 4 w= 11 nsites= 6082 E= 0
 0.115587  0.229859  0.406116  0.248438 
 0.392141  0.050970  0.383755  0.173134 
 0.020224  0.002795  0.957580  0.019402 
 0.015949  0.000000  0.981092  0.002960 
 0.020388  0.012825  0.966787  0.000000 
 0.891647  0.022690  0.036830  0.048833 
 0.012825  0.000000  0.981092  0.006084 
 0.053436  0.047024  0.887866  0.011674 
 0.160145  0.457086  0.311411  0.071358 
 0.241532  0.233476  0.372904  0.152088 
 0.202729  0.211279  0.484051  0.101940 

MOTIF HepG2.CSTF2T.2 HepG2.CSTF2T.2
letter-probability matrix: alength= 4 w= 11 nsites= 4625 E= 0
 0.153514  0.117189  0.610811  0.118486 
 0.139027  0.052324  0.652324  0.156324 
 0.030486  0.024216  0.938162  0.007135 
 0.718919  0.048000  0.094703  0.138378 
 0.072216  0.004973  0.895351  0.027459 
 0.038919  0.007568  0.934270  0.019243 
 0.042595  0.022054  0.911568  0.023784 
 0.035676  0.301622  0.655135  0.007568 
 0.747027  0.076757  0.118919  0.057297 
 0.153514  0.168216  0.574054  0.104216 
 0.171459  0.176000  0.572108  0.080432 

MOTIF HepG2.CSTF2T.3 HepG2.CSTF2T.3
letter-probability matrix: alength= 4 w= 11 nsites= 4739 E= 0
 0.318000  0.123233  0.373497  0.185271 
 0.130829  0.062038  0.619962  0.187170 
 0.023212  0.000000  0.967715  0.009074 
 0.022579  0.021735  0.950200  0.005486 
 0.648660  0.011606  0.305128  0.034606 
 0.018358  0.028698  0.946191  0.006752 
 0.723781  0.032285  0.192235  0.051699 
 0.034817  0.014560  0.920658  0.029964 
 0.035662  0.027432  0.924246  0.012661 
 0.209116  0.178308  0.530070  0.082507 
 0.251319  0.204896  0.419287  0.124499 

MOTIF HepG2.CSTF2T.4 HepG2.CSTF2T.4
letter-probability matrix: alength= 4 w= 11 nsites= 5585 E= 0
 0.138227  0.264458  0.370098  0.227216 
 0.431155  0.060340  0.325873  0.182632 
 0.018979  0.001970  0.963474  0.015577 
 0.021844  0.000000  0.970994  0.007162 
 0.034378  0.024351  0.933930  0.007341 
 0.835452  0.011101  0.126589  0.026858 
 0.013071  0.023277  0.959176  0.004476 
 0.564011  0.042793  0.339123  0.054073 
 0.036526  0.058192  0.878424  0.026858 
 0.212355  0.188541  0.512802  0.086303 
 0.221128  0.217905  0.459803  0.101164 

MOTIF HepG2.CSTF2T.5 HepG2.CSTF2T.5
letter-probability matrix: alength= 4 w= 11 nsites= 3861 E= 0
 0.271691  0.188552  0.382802  0.156954 
 0.182595  0.118363  0.494172  0.204869 
 0.075369  0.094535  0.740482  0.089614 
 0.074074  0.637141  0.235431  0.053354 
 0.911163  0.009842  0.048951  0.030044 
 0.007252  0.001813  0.984978  0.005957 
 0.006475  0.000000  0.991194  0.002331 
 0.036778  0.008547  0.947423  0.007252 
 0.933696  0.014245  0.028490  0.023569 
 0.094794  0.071484  0.782699  0.051023 
 0.213675  0.192955  0.510490  0.082880 

MOTIF HepG2.CSTF2T.6 HepG2.CSTF2T.6
letter-probability matrix: alength= 4 w= 11 nsites= 3913 E= 0
 0.161768  0.166113  0.504728  0.167391 
 0.184258  0.186047  0.472783  0.156913 
 0.592895  0.060312  0.180680  0.166113 
 0.118835  0.004856  0.845387  0.030923 
 0.025300  0.005111  0.958344  0.011245 
 0.025300  0.005878  0.955533  0.013289 
 0.043445  0.036034  0.912855  0.007667 
 0.871454  0.030411  0.032200  0.065934 
 0.024278  0.016356  0.948888  0.010478 
 0.144902  0.120368  0.677996  0.056734 
 0.205980  0.174035  0.523639  0.096346 

MOTIF HepG2.CSTF2T.7 HepG2.CSTF2T.7
letter-probability matrix: alength= 4 w= 11 nsites= 7373 E= 0
 0.187576  0.179032  0.446358  0.187034 
 0.164790  0.128984  0.487590  0.218636 
 0.063068  0.200054  0.641937  0.094941 
 0.813373  0.023735  0.095890  0.067001 
 0.016411  0.000407  0.975180  0.008002 
 0.016547  0.005425  0.968805  0.009223 
 0.046385  0.025498  0.918622  0.009494 
 0.870609  0.024278  0.050726  0.054388 
 0.022921  0.016004  0.951851  0.009223 
 0.204259  0.184728  0.531941  0.079072 
 0.233555  0.200597  0.448935  0.116913 

MOTIF HepG2.DDX3X.0 HepG2.DDX3X.0
letter-probability matrix: alength= 4 w= 11 nsites= 212 E= 0
 0.099057  0.353774  0.339623  0.207547 
 0.066038  0.259434  0.452830  0.221698 
 0.009434  0.910377  0.061321  0.018868 
 0.042453  0.764151  0.061321  0.132075 
 0.014151  0.028302  0.919811  0.037736 
 0.023585  0.900943  0.042453  0.033019 
 0.014151  0.061321  0.886792  0.037736 
 0.056604  0.882075  0.023585  0.037736 
 0.023585  0.132075  0.066038  0.778302 
 0.047170  0.245283  0.400943  0.306604 
 0.070755  0.363208  0.358491  0.207547 

MOTIF HepG2.DDX3X.1 HepG2.DDX3X.1
letter-probability matrix: alength= 4 w= 11 nsites= 469 E= 0
 0.076759  0.219616  0.351812  0.351812 
 0.034115  0.309168  0.430704  0.226013 
 0.309168  0.569296  0.087420  0.034115 
 0.008529  0.046908  0.921109  0.023454 
 0.008529  0.933902  0.044776  0.012793 
 0.038380  0.816631  0.068230  0.076759 
 0.010661  0.046908  0.904051  0.038380 
 0.017058  0.865672  0.076759  0.040512 
 0.029851  0.138593  0.759062  0.072495 
 0.081023  0.351812  0.422175  0.144989 
 0.044776  0.390192  0.360341  0.204691 

MOTIF HepG2.DDX3X.2 HepG2.DDX3X.2
letter-probability matrix: alength= 4 w= 11 nsites= 265 E= 0
 0.083019  0.275472  0.384906  0.256604 
 0.116981  0.320755  0.377358  0.184906 
 0.056604  0.735849  0.124528  0.083019 
 0.018868  0.071698  0.879245  0.030189 
 0.033962  0.837736  0.067925  0.060377 
 0.018868  0.045283  0.894340  0.041509 
 0.052830  0.898113  0.026415  0.022642 
 0.018868  0.049057  0.049057  0.883019 
 0.000000  0.033962  0.935849  0.030189 
 0.090566  0.339623  0.392453  0.177358 
 0.083019  0.245283  0.415094  0.256604 

MOTIF HepG2.DDX3X.3 HepG2.DDX3X.3
letter-probability matrix: alength= 4 w= 11 nsites= 403 E= 0
 0.074442  0.337469  0.280397  0.307692 
 0.076923  0.193548  0.496278  0.233251 
 0.022333  0.751861  0.119107  0.106700 
 0.039702  0.096774  0.756824  0.106700 
 0.000000  0.074442  0.910670  0.014888 
 0.004963  0.940447  0.034739  0.019851 
 0.019851  0.789082  0.146402  0.044665 
 0.012407  0.029777  0.940447  0.017370 
 0.007444  0.952854  0.029777  0.009926 
 0.069479  0.320099  0.374690  0.235732 
 0.039702  0.263027  0.555831  0.141439 

MOTIF HepG2.DDX3X.4 HepG2.DDX3X.4
letter-probability matrix: alength= 4 w= 11 nsites= 348 E= 0
 0.152299  0.218391  0.324713  0.304598 
 0.060345  0.356322  0.347701  0.235632 
 0.028736  0.830460  0.077586  0.063218 
 0.011494  0.074713  0.887931  0.025862 
 0.022989  0.867816  0.068966  0.040230 
 0.045977  0.132184  0.752874  0.068966 
 0.005747  0.040230  0.919540  0.034483 
 0.000000  0.931034  0.060345  0.008621 
 0.025862  0.864943  0.063218  0.045977 
 0.120690  0.272989  0.359195  0.247126 
 0.066092  0.330460  0.356322  0.247126 

MOTIF HepG2.DDX3X.5 HepG2.DDX3X.5
letter-probability matrix: alength= 4 w= 11 nsites= 164 E= 0
 0.152439  0.298780  0.323171  0.225610 
 0.182927  0.158537  0.384146  0.274390 
 0.018293  0.079268  0.115854  0.786585 
 0.554878  0.060976  0.317073  0.067073 
 0.006098  0.018293  0.975610  0.000000 
 0.036585  0.932927  0.018293  0.012195 
 0.042683  0.060976  0.853659  0.042683 
 0.018293  0.054878  0.926829  0.000000 
 0.000000  0.981707  0.000000  0.018293 
 0.115854  0.323171  0.347561  0.213415 
 0.067073  0.262195  0.554878  0.115854 

MOTIF HepG2.DDX3X.6 HepG2.DDX3X.6
letter-probability matrix: alength= 4 w= 11 nsites= 100 E= 0
 0.090000  0.370000  0.420000  0.120000 
 0.210000  0.200000  0.350000  0.240000 
 0.000000  0.040000  0.950000  0.010000 
 0.020000  0.870000  0.090000  0.020000 
 0.000000  0.000000  0.990000  0.010000 
 0.010000  0.860000  0.130000  0.000000 
 0.000000  0.050000  0.900000  0.050000 
 0.570000  0.130000  0.220000  0.080000 
 0.000000  0.870000  0.080000  0.050000 
 0.080000  0.270000  0.330000  0.320000 
 0.050000  0.230000  0.400000  0.320000 

MOTIF HepG2.DDX3X.7 HepG2.DDX3X.7
letter-probability matrix: alength= 4 w= 11 nsites= 433 E= 0
 0.076212  0.418014  0.205543  0.300231 
 0.131640  0.256351  0.327945  0.284065 
 0.002309  0.048499  0.919169  0.030023 
 0.016166  0.891455  0.069284  0.023095 
 0.027714  0.840647  0.050808  0.080831 
 0.011547  0.064665  0.896074  0.027714 
 0.004619  0.905312  0.066975  0.023095 
 0.032333  0.833718  0.046189  0.087760 
 0.034642  0.057737  0.838337  0.069284 
 0.073903  0.480370  0.265589  0.180139 
 0.071594  0.408776  0.290993  0.228637 

MOTIF HepG2.DDX3X.8 HepG2.DDX3X.8
letter-probability matrix: alength= 4 w= 11 nsites= 114 E= 0
 0.087719  0.447368  0.298246  0.166667 
 0.114035  0.245614  0.385965  0.254386 
 0.043860  0.008772  0.929825  0.017544 
 0.035088  0.035088  0.912281  0.017544 
 0.026316  0.903509  0.043860  0.026316 
 0.000000  0.017544  0.956140  0.026316 
 0.000000  0.956140  0.008772  0.035088 
 0.008772  0.096491  0.052632  0.842105 
 0.526316  0.078947  0.289474  0.105263 
 0.070175  0.333333  0.324561  0.271930 
 0.017544  0.192982  0.508772  0.280702 

MOTIF HepG2.DDX55.0 HepG2.DDX55.0
letter-probability matrix: alength= 4 w= 11 nsites= 90 E= 0
 0.244444  0.055556  0.188889  0.511111 
 0.255556  0.211111  0.122222  0.411111 
 0.022222  0.000000  0.000000  0.977778 
 0.066667  0.033333  0.833333  0.066667 
 0.022222  0.922222  0.011111  0.044444 
 0.066667  0.011111  0.000000  0.922222 
 0.022222  0.000000  0.888889  0.088889 
 0.044444  0.044444  0.055556  0.855556 
 0.677778  0.022222  0.122222  0.177778 
 0.188889  0.133333  0.322222  0.355556 
 0.222222  0.200000  0.333333  0.244444 

MOTIF HepG2.DDX55.1 HepG2.DDX55.1
letter-probability matrix: alength= 4 w= 11 nsites= 60 E= 0
 0.250000  0.350000  0.150000  0.250000 
 0.283333  0.083333  0.150000  0.483333 
 0.066667  0.033333  0.850000  0.050000 
 0.033333  0.900000  0.000000  0.066667 
 0.033333  0.000000  0.000000  0.966667 
 0.000000  0.000000  0.850000  0.150000 
 0.033333  0.033333  0.000000  0.933333 
 0.633333  0.050000  0.100000  0.216667 
 0.000000  0.083333  0.016667  0.900000 
 0.216667  0.100000  0.266667  0.416667 
 0.233333  0.166667  0.100000  0.500000 

MOTIF HepG2.DDX55.2 HepG2.DDX55.2
letter-probability matrix: alength= 4 w= 11 nsites= 11 E= 0
 0.000000  0.272727  0.454545  0.272727 
 0.181818  0.272727  0.454545  0.090909 
 0.000000  0.909091  0.000000  0.090909 
 0.000000  0.090909  0.909091  0.000000 
 0.000000  0.818182  0.181818  0.000000 
 0.000000  0.000000  1.000000  0.000000 
 0.000000  0.818182  0.000000  0.181818 
 0.000000  0.000000  0.000000  1.000000 
 0.545455  0.181818  0.000000  0.272727 
 0.000000  0.090909  0.545455  0.363636 
 0.000000  0.272727  0.454545  0.272727 

MOTIF HepG2.DDX55.3 HepG2.DDX55.3
letter-probability matrix: alength= 4 w= 11 nsites= 9 E= 0
 0.000000  0.222222  0.666667  0.111111 
 0.111111  0.000000  0.444444  0.444444 
 0.000000  0.000000  0.888889  0.111111 
 0.111111  0.000000  0.000000  0.888889 
 0.000000  1.000000  0.000000  0.000000 
 0.222222  0.000000  0.777778  0.000000 
 0.000000  0.666667  0.111111  0.222222 
 0.000000  0.000000  0.777778  0.222222 
 0.000000  0.000000  0.000000  1.000000 
 0.000000  0.222222  0.555556  0.222222 
 0.111111  0.333333  0.333333  0.222222 

MOTIF HepG2.DDX55.4 HepG2.DDX55.4
letter-probability matrix: alength= 4 w= 11 nsites= 68 E= 0
 0.294118  0.191176  0.132353  0.382353 
 0.235294  0.294118  0.161765  0.308824 
 0.852941  0.000000  0.000000  0.147059 
 0.014706  0.029412  0.058824  0.897059 
 0.058824  0.897059  0.000000  0.044118 
 0.926471  0.029412  0.000000  0.044118 
 0.073529  0.000000  0.029412  0.897059 
 0.029412  0.073529  0.720588  0.176471 
 0.044118  0.029412  0.073529  0.852941 
 0.250000  0.161765  0.205882  0.382353 
 0.220588  0.250000  0.191176  0.338235 

MOTIF HepG2.DDX55.5 HepG2.DDX55.5
letter-probability matrix: alength= 4 w= 11 nsites= 62 E= 0
 0.064516  0.129032  0.225806  0.580645 
 0.064516  0.112903  0.112903  0.709677 
 0.016129  0.048387  0.000000  0.935484 
 0.000000  0.048387  0.032258  0.919355 
 0.000000  0.661290  0.096774  0.241935 
 0.112903  0.016129  0.580645  0.290323 
 0.016129  0.016129  0.967742  0.000000 
 0.000000  0.000000  0.000000  1.000000 
 0.000000  0.000000  0.032258  0.967742 
 0.080645  0.145161  0.241935  0.532258 
 0.112903  0.225806  0.209677  0.451613 

MOTIF HepG2.DDX55.6 HepG2.DDX55.6
letter-probability matrix: alength= 4 w= 11 nsites= 15 E= 0
 0.000000  0.200000  0.066667  0.733333 
 0.000000  0.000000  0.133333  0.866667 
 0.000000  0.000000  0.000000  1.000000 
 0.066667  0.666667  0.066667  0.200000 
 0.133333  0.000000  0.733333  0.133333 
 0.000000  1.000000  0.000000  0.000000 
 0.000000  0.066667  0.000000  0.933333 
 0.933333  0.066667  0.000000  0.000000 
 0.066667  0.000000  0.733333  0.200000 
 0.333333  0.133333  0.466667  0.066667 
 0.133333  0.400000  0.333333  0.133333 

MOTIF HepG2.DDX55.7 HepG2.DDX55.7
letter-probability matrix: alength= 4 w= 11 nsites= 42 E= 0
 0.214286  0.190476  0.309524  0.285714 
 0.333333  0.119048  0.166667  0.380952 
 0.071429  0.904762  0.023810  0.000000 
 0.214286  0.666667  0.000000  0.119048 
 0.119048  0.071429  0.642857  0.166667 
 0.000000  0.023810  0.000000  0.976190 
 0.857143  0.000000  0.071429  0.071429 
 0.000000  0.000000  0.000000  1.000000 
 0.000000  0.023810  0.000000  0.976190 
 0.119048  0.261905  0.095238  0.523810 
 0.214286  0.166667  0.214286  0.404762 

MOTIF HepG2.DDX55.8 HepG2.DDX55.8
letter-probability matrix: alength= 4 w= 11 nsites= 220 E= 0
 0.186364  0.150000  0.209091  0.454545 
 0.200000  0.177273  0.222727  0.400000 
 0.786364  0.059091  0.059091  0.095455 
 0.036364  0.736364  0.036364  0.190909 
 0.022727  0.018182  0.000000  0.959091 
 0.013636  0.022727  0.013636  0.950000 
 0.000000  0.000000  0.000000  1.000000 
 0.027273  0.040909  0.709091  0.222727 
 0.036364  0.036364  0.027273  0.900000 
 0.286364  0.204545  0.168182  0.340909 
 0.277273  0.231818  0.181818  0.309091 

MOTIF HepG2.DDX55.9 HepG2.DDX55.9
letter-probability matrix: alength= 4 w= 11 nsites= 7 E= 0
 0.142857  0.285714  0.142857  0.428571 
 0.142857  0.285714  0.428571  0.142857 
 0.000000  1.000000  0.000000  0.000000 
 0.000000  0.000000  1.000000  0.000000 
 0.714286  0.142857  0.000000  0.142857 
 0.285714  0.714286  0.000000  0.000000 
 0.000000  0.000000  0.857143  0.142857 
 0.000000  1.000000  0.000000  0.000000 
 0.857143  0.000000  0.000000  0.142857 
 0.000000  0.000000  0.428571  0.571429 
 0.142857  0.142857  0.285714  0.428571 

MOTIF HepG2.DDX59.0 HepG2.DDX59.0
letter-probability matrix: alength= 4 w= 11 nsites= 265 E= 0
 0.113208  0.403774  0.083019  0.400000 
 0.056604  0.418868  0.071698  0.452830 
 0.033962  0.950943  0.007547  0.007547 
 0.015094  0.981132  0.000000  0.003774 
 0.000000  0.981132  0.000000  0.018868 
 0.381132  0.267925  0.041509  0.309434 
 0.007547  0.116981  0.037736  0.837736 
 0.000000  0.920755  0.045283  0.033962 
 0.000000  0.683019  0.000000  0.316981 
 0.060377  0.584906  0.049057  0.305660 
 0.037736  0.467925  0.094340  0.400000 

MOTIF HepG2.DDX59.1 HepG2.DDX59.1
letter-probability matrix: alength= 4 w= 11 nsites= 264 E= 0
 0.098485  0.462121  0.094697  0.344697 
 0.079545  0.356061  0.140152  0.424242 
 0.000000  0.492424  0.015152  0.492424 
 0.041667  0.935606  0.000000  0.022727 
 0.000000  0.996212  0.003788  0.000000 
 0.000000  0.977273  0.000000  0.022727 
 0.386364  0.223485  0.079545  0.310606 
 0.026515  0.094697  0.060606  0.818182 
 0.000000  0.950758  0.026515  0.022727 
 0.090909  0.568182  0.011364  0.329545 
 0.079545  0.537879  0.106061  0.276515 

MOTIF HepG2.DDX59.2 HepG2.DDX59.2
letter-probability matrix: alength= 4 w= 11 nsites= 155 E= 0
 0.135484  0.419355  0.058065  0.387097 
 0.070968  0.496774  0.012903  0.419355 
 0.012903  0.954839  0.032258  0.000000 
 0.458065  0.406452  0.019355  0.116129 
 0.000000  0.935484  0.012903  0.051613 
 0.019355  0.103226  0.006452  0.870968 
 0.000000  0.051613  0.006452  0.941935 
 0.012903  0.909677  0.025806  0.051613 
 0.012903  0.980645  0.000000  0.006452 
 0.135484  0.561290  0.000000  0.303226 
 0.109677  0.451613  0.070968  0.367742 

MOTIF HepG2.DDX59.3 HepG2.DDX59.3
letter-probability matrix: alength= 4 w= 11 nsites= 160 E= 0
 0.043750  0.543750  0.062500  0.350000 
 0.068750  0.587500  0.131250  0.212500 
 0.000000  0.968750  0.018750  0.012500 
 0.425000  0.243750  0.018750  0.312500 
 0.012500  0.125000  0.043750  0.818750 
 0.000000  0.975000  0.000000  0.025000 
 0.000000  1.000000  0.000000  0.000000 
 0.000000  0.962500  0.000000  0.037500 
 0.018750  0.056250  0.000000  0.925000 
 0.018750  0.331250  0.225000  0.425000 
 0.106250  0.493750  0.100000  0.300000 

MOTIF HepG2.DDX59.4 HepG2.DDX59.4
letter-probability matrix: alength= 4 w= 11 nsites= 107 E= 0
 0.074766  0.345794  0.205607  0.373832 
 0.102804  0.345794  0.299065  0.252336 
 0.635514  0.065421  0.112150  0.186916 
 0.056075  0.046729  0.822430  0.074766 
 0.056075  0.028037  0.046729  0.869159 
 0.018692  0.869159  0.028037  0.084112 
 0.000000  0.943925  0.009346  0.046729 
 0.000000  0.971963  0.000000  0.028037 
 0.018692  0.925234  0.028037  0.028037 
 0.177570  0.299065  0.168224  0.355140 
 0.168224  0.345794  0.233645  0.252336 

MOTIF HepG2.DDX59.5 HepG2.DDX59.5
letter-probability matrix: alength= 4 w= 11 nsites= 194 E= 0
 0.149485  0.448454  0.164948  0.237113 
 0.206186  0.427835  0.144330  0.221649 
 0.556701  0.164948  0.077320  0.201031 
 0.005155  0.922680  0.036082  0.036082 
 0.020619  0.958763  0.000000  0.020619 
 0.010309  0.927835  0.000000  0.061856 
 0.015464  0.963918  0.010309  0.010309 
 0.030928  0.097938  0.030928  0.840206 
 0.000000  0.020619  0.061856  0.917526 
 0.082474  0.309278  0.159794  0.448454 
 0.077320  0.463918  0.134021  0.324742 

MOTIF HepG2.DDX59.6 HepG2.DDX59.6
letter-probability matrix: alength= 4 w= 11 nsites= 141 E= 0
 0.134752  0.489362  0.078014  0.297872 
 0.099291  0.496454  0.120567  0.283688 
 0.007092  0.907801  0.014184  0.070922 
 0.021277  0.042553  0.000000  0.936170 
 0.035461  0.921986  0.021277  0.021277 
 0.014184  0.985816  0.000000  0.000000 
 0.000000  0.964539  0.007092  0.028369 
 0.468085  0.241135  0.035461  0.255319 
 0.000000  0.056738  0.085106  0.858156 
 0.000000  0.468085  0.219858  0.312057 
 0.063830  0.446809  0.141844  0.347518 

MOTIF HepG2.DDX59.7 HepG2.DDX59.7
letter-probability matrix: alength= 4 w= 11 nsites= 123 E= 0
 0.105691  0.471545  0.186992  0.235772 
 0.146341  0.203252  0.260163  0.390244 
 0.048780  0.170732  0.747967  0.032520 
 0.707317  0.121951  0.081301  0.089431 
 0.016260  0.918699  0.040650  0.024390 
 0.032520  0.959350  0.000000  0.008130 
 0.024390  0.951220  0.008130  0.016260 
 0.008130  0.918699  0.016260  0.056911 
 0.016260  0.097561  0.032520  0.853659 
 0.113821  0.243902  0.300813  0.341463 
